rot:
  max: 3.141227916363963
  mean: 2.6332640020748843
  median: 2.993288086100459
  min: 1.3290045791972966
  num_samples: 979
  rmse: 2.7152001221923237
  std: 0.6619912378043776
scale:
  max: 0.7062368556743255
  mean: 0.022663276152105758
  median: -0.008518687288105342
  min: -0.13310149692537143
  num_samples: 979
  rmse: 0.15277607308615246
  std: 0.15108575188176676
trans:
  max: 96.63975628917434
  mean: 37.14218913281696
  median: 31.422786851371423
  min: 15.952972043405644
  num_samples: 979
  rmse: 42.3423147092073
  std: 20.330504208100855
