rot:
  max: 3.141227916363963
  mean: 2.6332640020748843
  median: 2.993288086100459
  min: 1.3290045791972966
  num_samples: 979
  rmse: 2.7152001221923237
  std: 0.6619912378043776
scale:
  max: 0.40569098504106105
  mean: 0.014977633094590947
  median: 0.012009266122851026
  min: -0.22998869662400057
  num_samples: 979
  rmse: 0.1115559392292297
  std: 0.11054590939604866
trans:
  max: 50.78642289265396
  mean: 29.356730410879365
  median: 27.17049480989853
  min: 16.283795443338747
  num_samples: 979
  rmse: 30.622067487356755
  std: 8.711681627744564
