rot:
  max: 1.6089430343958335
  mean: 1.5819861115309621
  median: 1.583969782295422
  min: 1.549531841577812
  num_samples: 1741
  rmse: 1.5820213201012192
  std: 0.010554628271521226
scale:
  max: .inf
  mean: .inf
  median: -0.00150959838910536
  min: -0.06296858256582694
  num_samples: 1741
  rmse: .inf
  std: .nan
trans:
  max: 8.771528228965519
  mean: 3.389599783120561
  median: 2.782967995935472
  min: 0.8732132269791577
  num_samples: 1741
  rmse: 3.8662248452066708
  std: 1.8596526191636942
