rot:
  max: 1.6329611922966631
  mean: 1.5968282693636522
  median: 1.5930030526711276
  min: 1.5768681751465001
  num_samples: 1039
  rmse: 1.5968811809460919
  std: 0.012999393096190604
scale:
  max: 2.9320374540718754
  mean: 0.0023706436386199178
  median: -0.0007716408374490724
  min: -0.8027915327104017
  num_samples: 1039
  rmse: 0.1276633499323492
  std: 0.12764133720973042
trans:
  max: 6.004419632279169
  mean: 1.8974967765493114
  median: 1.6783217760287805
  min: 0.30346827070066335
  num_samples: 1039
  rmse: 2.299540213522209
  std: 1.2989962188515938
