rot:
  max: 2.2083048035614747
  mean: 2.1276160700289335
  median: 2.127777749341237
  min: 2.111150893174777
  num_samples: 1397
  rmse: 2.127628644096024
  std: 0.007314761275753554
scale:
  max: .inf
  mean: .inf
  median: 0.00047577850434588065
  min: -0.03299480732655291
  num_samples: 1397
  rmse: .inf
  std: .nan
trans:
  max: 2.8848510311939117
  mean: 0.9906697959671292
  median: 0.9237544794508102
  min: 0.023365390933107497
  num_samples: 1397
  rmse: 1.0668947535534827
  std: 0.39602748707431046
