rot:
  max: 3.1411581217864395
  mean: 2.2526505599011575
  median: 1.9905480997638858
  min: 1.1376715838822027
  num_samples: 873
  rmse: 2.3472688169923606
  std: 0.6597244532391672
scale:
  max: 1.3917218042993555
  mean: 0.00391512012167927
  median: -0.02597162950854559
  min: -0.22089312440738873
  num_samples: 873
  rmse: 0.19141631623416552
  std: 0.1913762732291829
trans:
  max: 7.110821985459318
  mean: 2.679349875616445
  median: 2.6932894681079618
  min: 0.19864078443931785
  num_samples: 873
  rmse: 2.9600284915702106
  std: 1.258114825817405
