rot:
  max: 3.1411581217864395
  mean: 2.2526505599011575
  median: 1.9905480997638858
  min: 1.1376715838822027
  num_samples: 873
  rmse: 2.3472688169923606
  std: 0.6597244532391672
scale:
  max: 0.8671797497977201
  mean: 0.008862685220468212
  median: 0.00102380033387095
  min: -0.3256124221133555
  num_samples: 873
  rmse: 0.12997416128471737
  std: 0.12967164459645222
trans:
  max: 5.146687885082612
  mean: 1.8763249531610597
  median: 1.71330841249829
  min: 0.2248904905850222
  num_samples: 873
  rmse: 2.142890505640037
  std: 1.0350769968013782
