rot:
  max: 3.140935717233131
  mean: 1.9806760419480123
  median: 1.7618728951012637
  min: 1.1453626554315623
  num_samples: 986
  rmse: 2.083767721385528
  std: 0.6473100752664016
scale:
  max: 0.01641468609415475
  mean: -0.013139709629364268
  median: -0.0017638969911767388
  min: -0.25186408402958593
  num_samples: 986
  rmse: 0.0463576418638241
  std: 0.044456484229306405
trans:
  max: 1.7479956200125037
  mean: 0.5442671407755606
  median: 0.4844216656686521
  min: 0.06526001786310809
  num_samples: 986
  rmse: 0.6173508065580683
  std: 0.2913679766719285
