rot:
  max: 3.1411361291631565
  mean: 2.8211095147162304
  median: 2.926159296854875
  min: 1.9693401050765813
  num_samples: 3200
  rmse: 2.838532132465214
  std: 0.31401556174029005
scale:
  max: 1.1373829099669002
  mean: 0.10681958581569818
  median: 0.054207451816191576
  min: -0.31122759578252934
  num_samples: 3200
  rmse: 0.34498255903122854
  std: 0.3280282642119392
trans:
  max: 213.9531257813703
  mean: 94.6218791563997
  median: 90.08277495596131
  min: 1.5714398981136695
  num_samples: 3200
  rmse: 105.32996050750019
  std: 46.2720278940014
