rot:
  max: 3.1411361291631565
  mean: 2.8211095147162304
  median: 2.926159296854875
  min: 1.9693401050765813
  num_samples: 3200
  rmse: 2.838532132465214
  std: 0.31401556174029005
scale:
  max: 0.838508249755582
  mean: 0.06385990817552645
  median: 0.05971996652957434
  min: -0.21380093134143663
  num_samples: 3200
  rmse: 0.1737091950652893
  std: 0.16154502956774644
trans:
  max: 151.31729229627885
  mean: 46.95458322633553
  median: 43.9604400700735
  min: 6.116940171120426
  num_samples: 3200
  rmse: 51.32808990723001
  std: 20.73258130493688
