rot:
  max: 1.616854677668008
  mean: 1.5952291090985933
  median: 1.595123147742941
  min: 1.5674926600671109
  num_samples: 918
  rmse: 1.5952422080482125
  std: 0.006464659545983106
scale:
  max: .inf
  mean: .inf
  median: 2.472725227598005e-05
  min: -0.010425084631716763
  num_samples: 918
  rmse: .inf
  std: .nan
trans:
  max: 3.0041973263800634
  mean: 0.9796216592696485
  median: 0.8261876934394781
  min: 0.14228557202588601
  num_samples: 918
  rmse: 1.1071437535003195
  std: 0.5158572434351935
