rot:
  max: 3.141292741213035
  mean: 2.1836168347982685
  median: 2.521117778999165
  min: 0.6683993505731473
  num_samples: 1172
  rmse: 2.3526748435548726
  std: 0.8757262347797591
scale:
  max: 8.413453410942346
  mean: 0.3923686628785288
  median: 0.013326937692517915
  min: -0.20565927403784134
  num_samples: 1172
  rmse: 1.1250133986196227
  std: 1.0543727896074468
trans:
  max: 24.04894780554972
  mean: 10.013647529693758
  median: 8.926302239534646
  min: 6.023119243395909
  num_samples: 1172
  rmse: 10.58995074355753
  std: 3.4458554673742174
