rot:
  max: 3.1415129973743032
  mean: 2.577930563614033
  median: 2.9082855862094763
  min: 1.3858824746027933
  num_samples: 1751
  rmse: 2.664999493253889
  std: 0.6756451052350805
scale:
  max: 0.038710513123728196
  mean: -0.0007208143992764977
  median: 0.00508916736005971
  min: -0.07394645792970889
  num_samples: 1751
  rmse: 0.030787467508344657
  std: 0.030779028285168028
trans:
  max: 28.235382491414875
  mean: 13.687247780679678
  median: 14.444690792926915
  min: 0.7671177504076404
  num_samples: 1751
  rmse: 15.53597479240148
  std: 7.350221829333682
