rot:
  max: 3.141309485682132
  mean: 2.257084603530853
  median: 1.9139670543330705
  min: 1.2357486360977246
  num_samples: 938
  rmse: 2.3648410506589013
  std: 0.7057211116195049
scale:
  max: 0.7017448555051984
  mean: 0.004370187635080708
  median: -0.007399032266456107
  min: -0.2315494846088183
  num_samples: 938
  rmse: 0.08195940788679872
  std: 0.0818428127644012
trans:
  max: 3.2604378706683406
  mean: 1.289852151850846
  median: 1.2505072952494718
  min: 0.2758389418744838
  num_samples: 938
  rmse: 1.419564035694285
  std: 0.592826684455405
